/*
40..41: Stand
42..43: Arme hoch
44..47: Rolle
48..49: Rolle Ende
50..51: SNF
*/

40,40,40,40,40,40,40,40,40,40,
41,41,41,41,41,41,41,41,41,41,
40,40,40,40,40,40,40,40,40,40,
41,41,41,41,41,41,41,41,41,41,
40,40,40,40,40,40,40,40,40,40,

42,42,42,42,42,42,42,42,42,42,
43,43,43,43,43,43,43,43,43,43,
42,42,42,42,42,42,42,42,42,42,
43,43,43,43,43,43,43,43,43,43,
40,40,40,40,40,40,40,40,40,40,

44,44,44, 45,45,45, 46,46,46, 47,47,47,
44,44,44, 45,45,45, 46,46,46, 47,47,47,
48,48,48,48,48,48,48,48,48,48,48,48,
44,44,44, 45,45,45, 46,46,46, 47,47,47,
44,44,44, 45,45,45, 46,46,46, 47,47,47,
49,49,49,49,49,49,49,49,49,49,49,49,

44,44,44, 45,45,45, 46,46,46, 47,47,47,
44,44,44, 45,45,45, 46,46,46, 47,47,47,
48,48,48,48,48,48,48,48,48,48,48,48,
44,44,44, 45,45,45, 46,46,46, 47,47,47,
44,44,44, 45,45,45, 46,46,46, 47,47,47,
49,49,49,49,49,49,49,49,49,49,49,49,

40,40,40,40,40,40,40,40,40,40,

50,50,50,50,50,50,50,50,50,
51,51,51,51,51,51,51,51,51,51,51,51,
50,50,50,50,50,50,50,50,50,
51,51,51,51,51,51,51,51,51,51,51,51,
50,50,50,50,50,50,50,50,50,
51,51,51,51,51,51,51,51,51,51,51,51,
50,50,50,50,50,50,50,50,50,
51,51,51,51,51,51,51,51,51,51,51,51,51,51,51,51,51,51,51,51,51,51,51,51,

40,40,40,40,40,40,40,40,40,40,
